        0.00       100.00000         5.00000         0.00000         0.00000         0.00000
        0.20        91.70715         9.49489         0.00000         3.79795         0.00000
        0.40        80.28194        14.94292         0.00000         9.77512         0.00000
        0.60        67.57015        19.75337         0.00000        17.67647         0.00000
        0.80        55.56577        22.68411         0.00000        26.75012         0.00000
        1.00        45.42219        23.44835         0.00000        36.12946         0.00000
        1.20        37.41605        22.46749         0.00000        45.11646         0.00000
        1.40        31.33046        20.39506         0.00000        53.27448         0.00000
        1.60        26.78604        17.81392         0.00000        60.40005         0.00000
        1.80        23.41153        15.13459         0.00000        66.45389         0.00000
        2.00        20.90272        12.60244         0.00000        71.49487         0.00000
        2.20        19.02879        10.34026         0.00000        75.63097         0.00000
        2.40        17.62052         8.39180         0.00000        78.98769         0.00000
        2.60        16.55547         6.75489         0.00000        81.68964         0.00000
        2.80        15.74516         5.40372         0.00000        83.85113         0.00000
        3.00        15.12538         4.30250         0.00000        85.57213         0.00000
        3.20        14.64916         3.41338         0.00000        86.93748         0.00000
        3.40        14.28184         2.70050         0.00000        88.01768         0.00000
        3.60        13.99763         2.13194         0.00000        88.87045         0.00000
        3.80        13.77716         1.68031         0.00000        89.54257         0.00000
        4.00        13.60577         1.32264         0.00000        90.07163         0.00000
        4.20        13.47232         1.04007         0.00000        90.48766         0.00000
        4.40        13.36828         0.81723         0.00000        90.81456         0.00000
        4.60        13.28707         0.64174         0.00000        91.07126         0.00000
        4.80        13.22363         0.50370         0.00000        91.27274         0.00000
        5.00        13.17405         0.39521         0.00000        91.43083         0.00000
        5.20        13.13527         0.30999         0.00000        91.55483         0.00000
        5.40        13.10493         0.24309         0.00000        91.65207         0.00000
        5.60        13.08118         0.19060         0.00000        91.72830         0.00000
        5.80        13.06259         0.14941         0.00000        91.78807         0.00000
        6.00        13.04804         0.11712         0.00000        91.83492         0.00000
        6.20        13.03664         0.09179         0.00000        91.87163         0.00000
        6.40        13.02772         0.07194         0.00000        91.90040         0.00000
        6.60        13.02073         0.05638         0.00000        91.92295         0.00000
        6.80        13.01525         0.04418         0.00000        91.94063         0.00000
        7.00        13.01096         0.03463         0.00000        91.95448         0.00000
        7.20        13.00760         0.02714         0.00000        91.96533         0.00000
        7.40        13.00496         0.02127         0.00000        91.97384         0.00000
        7.60        13.00290         0.01666         0.00000        91.98050         0.00000
        7.80        13.00128         0.01305         0.00000        91.98572         0.00000
        8.00        13.00002         0.01022         0.00000        91.98981         0.00000
        8.20        12.99903         0.00800         0.00000        91.99300         0.00000
        8.40        12.99825         0.00627         0.00000        91.99551         0.00000
        8.60        12.99765         0.00491         0.00000        91.99747         0.00000
        8.80        12.99717         0.00385         0.00000        91.99901         0.00000
        9.00        12.99679         0.00302         0.00000        92.00021         0.00000
        9.20        12.99650         0.00237         0.00000        92.00117         0.00000
        9.40        12.99627         0.00186         0.00000        92.00191         0.00000
        9.60        12.99609         0.00146         0.00000        92.00250         0.00000
        9.80        12.99595         0.00115         0.00000        92.00296         0.00000
       10.00        12.99584         0.00089         0.00000        92.00332         0.00000
       10.20        12.99575         0.00070         0.00000        92.00359         0.00000
       10.40        12.99568         0.00054         0.00000        92.00381         0.00000
       10.60        12.99563         0.00042         0.00000        92.00397         0.00000
       10.80        12.99559         0.00034         0.00000        92.00411         0.00000
       11.00        12.99555         0.00027         0.00000        92.00422         0.00000
       11.20        12.99553         0.00022         0.00000        92.00430         0.00000
       11.40        12.99551         0.00017         0.00000        92.00437         0.00000
       11.60        12.99549         0.00014         0.00000        92.00443         0.00000
       11.80        12.99548         0.00011         0.00000        92.00448         0.00000
       12.00        12.99547         0.00008         0.00000        92.00451         0.00000
       12.20        12.99546         0.00006         0.00000        92.00453         0.00000
       12.40        12.99545         0.00004         0.00000        92.00455         0.00000
       12.60        12.99545         0.00003         0.00000        92.00455         0.00000
       12.80        12.99545         0.00002         0.00000        92.00457         0.00000
       13.00        12.99545         0.00002         0.00000        92.00458         0.00000
       13.20        12.99545         0.00002         0.00000        92.00458         0.00000
       13.40        12.99545         0.00002         0.00000        92.00458         0.00000
       13.60        12.99545         0.00002         0.00000        92.00458         0.00000
       13.80        12.99545         0.00002         0.00000        92.00458         0.00000
       14.00        12.99545         0.00002         0.00000        92.00458         0.00000
       14.20        12.99545         0.00002         0.00000        92.00458         0.00000
       14.40        12.99545         0.00002         0.00000        92.00458         0.00000
       14.60        12.99545         0.00002         0.00000        92.00458         0.00000
       14.80        12.99545         0.00002         0.00000        92.00458         0.00000
       15.00        12.99545         0.00002         0.00000        92.00458         0.00000
       15.20        12.99545         0.00002         0.00000        92.00458         0.00000
       15.40        12.99545         0.00002         0.00000        92.00458         0.00000
       15.60        12.99545         0.00002         0.00000        92.00458         0.00000
       15.80        12.99545         0.00002         0.00000        92.00458         0.00000
       16.00        12.99545         0.00002         0.00000        92.00458         0.00000
       16.20        12.99545         0.00002         0.00000        92.00458         0.00000
       16.40        12.99545         0.00002         0.00000        92.00458         0.00000
       16.60        12.99545         0.00002         0.00000        92.00458         0.00000
       16.80        12.99545         0.00002         0.00000        92.00458         0.00000
       17.00        12.99545         0.00002         0.00000        92.00458         0.00000
       17.20        12.99545         0.00002         0.00000        92.00458         0.00000
       17.40        12.99545         0.00002         0.00000        92.00458         0.00000
       17.60        12.99545         0.00002         0.00000        92.00458         0.00000
       17.80        12.99545         0.00002         0.00000        92.00458         0.00000
       18.00        12.99545         0.00002         0.00000        92.00458         0.00000
       18.20        12.99545         0.00002         0.00000        92.00458         0.00000
       18.40        12.99545         0.00002         0.00000        92.00458         0.00000
       18.60        12.99545         0.00002         0.00000        92.00458         0.00000
       18.80        12.99545         0.00002         0.00000        92.00458         0.00000
       19.00        12.99545         0.00002         0.00000        92.00458         0.00000
       19.20        12.99545         0.00002         0.00000        92.00458         0.00000
       19.40        12.99545         0.00002         0.00000        92.00458         0.00000
       19.60        12.99545         0.00002         0.00000        92.00458         0.00000
       19.80        12.99545         0.00002         0.00000        92.00458         0.00000
       20.00        12.99545         0.00002         0.00000        92.00458         0.00000
       20.20        12.99545         0.00002         0.00000        92.00458         0.00000
       20.40        12.99545         0.00002         0.00000        92.00458         0.00000
       20.60        12.99545         0.00002         0.00000        92.00458         0.00000
       20.80        12.99545         0.00002         0.00000        92.00458         0.00000
       21.00        12.99545         0.00002         0.00000        92.00458         0.00000
       21.20        12.99545         0.00002         0.00000        92.00458         0.00000
       21.40        12.99545         0.00002         0.00000        92.00458         0.00000
       21.60        12.99545         0.00002         0.00000        92.00458         0.00000
       21.80        12.99545         0.00002         0.00000        92.00458         0.00000
       22.00        12.99545         0.00002         0.00000        92.00458         0.00000
       22.20        12.99545         0.00002         0.00000        92.00458         0.00000
       22.40        12.99545         0.00002         0.00000        92.00458         0.00000
       22.60        12.99545         0.00002         0.00000        92.00458         0.00000
       22.80        12.99545         0.00002         0.00000        92.00458         0.00000
       23.00        12.99545         0.00002         0.00000        92.00458         0.00000
       23.20        12.99545         0.00002         0.00000        92.00458         0.00000
       23.40        12.99545         0.00002         0.00000        92.00458         0.00000
       23.60        12.99545         0.00002         0.00000        92.00458         0.00000
       23.80        12.99545         0.00002         0.00000        92.00458         0.00000
       24.00        12.99545         0.00002         0.00000        92.00458         0.00000
       24.20        12.99545         0.00002         0.00000        92.00458         0.00000
       24.40        12.99545         0.00002         0.00000        92.00458         0.00000
       24.60        12.99545         0.00002         0.00000        92.00458         0.00000
       24.80        12.99545         0.00002         0.00000        92.00458         0.00000
       25.00        12.99545         0.00002         0.00000        92.00458         0.00000
       25.20        12.99545         0.00002         0.00000        92.00458         0.00000
       25.40        12.99545         0.00002         0.00000        92.00458         0.00000
       25.60        12.99545         0.00002         0.00000        92.00458         0.00000
       25.80        12.99545         0.00002         0.00000        92.00458         0.00000
       26.00        12.99545         0.00002         0.00000        92.00458         0.00000
       26.20        12.99545         0.00002         0.00000        92.00458         0.00000
       26.40        12.99545         0.00002         0.00000        92.00458         0.00000
       26.60        12.99545         0.00002         0.00000        92.00458         0.00000
       26.80        12.99545         0.00002         0.00000        92.00458         0.00000
       27.00        12.99545         0.00002         0.00000        92.00458         0.00000
       27.20        12.99545         0.00002         0.00000        92.00458         0.00000
       27.40        12.99545         0.00002         0.00000        92.00458         0.00000
       27.60        12.99545         0.00002         0.00000        92.00458         0.00000
       27.80        12.99545         0.00002         0.00000        92.00458         0.00000
       28.00        12.99545         0.00002         0.00000        92.00458         0.00000
       28.20        12.99545         0.00002         0.00000        92.00458         0.00000
       28.40        12.99545         0.00002         0.00000        92.00458         0.00000
       28.60        12.99545         0.00002         0.00000        92.00458         0.00000
       28.80        12.99545         0.00002         0.00000        92.00458         0.00000
       29.00        12.99545         0.00002         0.00000        92.00458         0.00000
       29.20        12.99545         0.00002         0.00000        92.00458         0.00000
       29.40        12.99545         0.00002         0.00000        92.00458         0.00000
       29.60        12.99545         0.00002         0.00000        92.00458         0.00000
       29.80        12.99545         0.00002         0.00000        92.00458         0.00000
       30.00        12.99545         0.00002         0.00000        92.00458         0.00000
